1011111111111110011111111010
1110101001101111111111111110
1111011110111111111111101111
1111111110111011111010111111
1111110110111111011111111111
0111111111111111110111100111
0101101111111111111011101110
1111110111111110011111111111
1110100111111111111111110111
1111111111110111101010111111
1111111110101111111111001110
1011110101011011111111001111
0101011111111011111111111101
1111110110101111001010111111
1111111111111110111111111100
0111110110111111111011111111
1101101111011111011111111111
1110110111111111111111110111
1111111111111100010111111111
1111111111110101101111101111
1111011011101110111011011011
1011111111111101011100111111
1011111110101111111111111111
1011111111101110111110111100
1111111001111111010101111110
1011001111111101101111111111
1111111111110111011110111011
1010101111111111111011111111
1111100111111111001111001111
1100101011111111110111111111
1111010111111111011101111111
1110110011101111111111111011
0110111111111110011111011110
1101111111111101110110010101
1111100111111111111111111101
1111101111111101000110111111
1011111111111111010110111101
1111111011111111111111111010
1111011111011111111011001111
1111111001111111101101010110
1111111111111110110111011111
0101101111111111111110001111
0111110010101111110111111111
1111111110110111111111011111
1110011111111111111111111110
1101011111111111100100111101
1111011111110111110111101111
1001111111111101111110101001
0001110111111101101111111011
1111111111111101101011101101
1101011111101110111111101111
1111000110111101111101111111
1011110111111110011111111111
1011111101111111101001011111
1111110011101101011101110111
1111111111110111110110111011
1011111111011011111101111111
1111110111111111101111111101
1101101101111111101110110110
1101001111110101011111111111
1111111111101111111111010111
1001111111111111111111111110
1011010111111101011111111101
1111110111111111111011110111
1110111111111011111011010011
1111100111101111111101111111
1110111111111111111111101011
1111110111110111110110111111
1011111111010111111111111111
1111101111111101111101111111
1111010111010111111111011011
1111111110011110101111011010
1111011110100111101111111101
1100101111011110110101111111
1110011111101111111110110111
1110101011111111110111111011
1101111101111101111101111111
1111111100111111111101101111
1111111111011101001101111111
1101111011111111111111111110
1011011101110111101111111001
1101111111111010101111101111
1110111011111111101111011101
0011111101111011101111101110
0111110101011101111011011111
1011111111000010111111011111
1111111111111011110111111011
1110101111011111010110111011
0111101110111101101111101011
1101101011111011111011111111
1101111111100111101111111011
1110011111101011111001110111
1011111101111100011111111101
1011011111011111111111110101
0111111011111100011111111101
1010111101001111110111110111
1110110111111111111011111011
1110111111111111111101111011
1111111101101011111111111111
1011001110111111101111111011
1111111001111110011111011110
0010111111110011111111101111
1111110111110011110101101111
1110111111111111011111010000
0111110000111011111101111111
1100111111111111111110101111
1111110110111101111101111111
0101111111111110111111011111
0101111111111111111111101111
1111111111011111010110111011
1111111101111111111110101100
1100110111111111111111110111
1001110111111101011101011111
1001111111011011110111111111
1010101011110111011111111111
1111100110111011111011101011
1110111111011001010111111110
1111111011111111111011110111
1011011111111111100111100101
1111111111110111111111011101
0100110101111111010111111111
1101101111111101110111011111
1111111111001110110101111001
1101111101100111110110111111
1011111001111101110111111111
1011101111010000111111111111
1111111110111010111011111010
1111101010111111111111101111
1111011111101011111101100110
1011111111011101101111111101
1111101001011101111101111110
1010111011111101011101111111
1111110111010011111101011011
1110011110110110011111110111
1111101100101111111111110111
0111111011111111111111011111
1011111011111111101111101110
0111111011110111110111111110
1111001100111111110111111011
0110110111110011111111111110
1011111111101111011111011110
1100111011100111110111111011
1101111011110111111111111111
1111110110110111111011111111
1111111111111010111110101111
1110111111111110111111011011
1101011110111111011111101011
0001111111111110111111011101
0111100111111101111111111110
0111110111011111111110101110
0011111111001111110111111101
0110111111111111101110111010
1111111111011110111111111110
0011111110111111101100111111
1110101111010111101111110111
1111100111100101111110101111
0111111111110110111111111011
1110111111111101001111111111
1110111011110011111001111011
0011110101111111111111111111
1100111010111110111011111011
1111011111111101001111111011
0101111110111110111111111101
1110111101011110111111110101
1011111111111111001111101110
1010011110111101101111111111
1111111100111110111111101111
1111111111101101111011111111
1111100111110110111101011111
0111111111100110111111100111
1111111111110111101101101111
0111111111111101011101111011
1010111001101110111111011111
1001011111011101011111111110
0110111111011111111111110110
0111110111111111111101011111
1011111110111111110101110010
1101111101111111101001111101
1011011111111111011001011011
1110111100111111111111101011
1111011111111101111111101111
1110111111100100111101111110
1111111111111111111110110110
1111101101111111111111110111
1001111101001111111111011110
0111110111111110111111011110
0111011111111111111110111111
1110111000111011111101110111
0111111101111111100101111001
0111110111101111111110111110
1011111101011111011111111011
0111011111101011011011111111
1001011111011111110111010111
1110110001111111111011111111
1111010110110111101110111111
1101111111111111100111111111
1111011111111111111111111010
1010111111111111101111111111
0011111111101011111110111111
0101111101110110111111111111
0011111110111110101111111100
1111010111111111101011010101
1111111100111111111111111110
1011111111011110111111111111
1101111111101111110001111111
1111110111101100111101110111
1011111010111111101111010111
1111111111111011110111101111
1111100011111111111100111010
1111111011111101101110111011
1111110111101101110110101111
0111111111011111110111111110
1101101110101111100111111111
0111111111111000011111111111
1110011111111111101110111110
1011111111111111111001100010
0111101110011111011111111001
0111101111011111101011110111
0111111101111111100101111110
1110011110111111111111111111
1111111001111011110100111101
1111101011101111101111111111
1011111101111110111011111011
1111111101111101011110111111
1101111111110110111111111111
1110111110101111111111101110
1111111111111101101110111111
1111111011101011101111111010
1011111111101111110010101111
0111011111111011111101111101
1111010011111011111101110101
1111101101011110111011111110
0100111111011111111111110101
0111101111111111011001101111
1111100111111111011111111011
1011111111111111111011111101
1011111111110111111111011011
0010110011110111111101111111
1111111011110011111111111111
1110111101110111111111111111
1111101101111111100100111110
0111101111101011110111111011
1111011111111111111101111110
1110111011110111111111111111
1111101101111111111110111111
1101101111111110111111111111
1111111111001111100111111001
1111011111101111011111110111
1011111110101111110111101110
1111110111111110101111111111
1111101110011111111110111110
0101111111011111100011111101
0111110111111011101111101111
1111111010101110111111111011
1101101111111011111111110111
1011101111111111101101111111
0111111101011111111111110111
1110111110111111111111111110
0111111110111111011001111111
1111111111101111001101111111
1111100101111111111101100011
1111111111011010111101101111
0111011011111110011111101111
1101111111111110101111011111
0011110011111110111101111110
1111001111011111011111011111
1110111110011110101101111111
1111111111111101110111011111
0110101101111110111111101011
1110111101111110111111101101
1110110011111111001011111101
1101111111001101111011111111
1110111101111000111101111111
1001111111111100111011111111
1101111111111111101001111110
1111011011110111110011011111
1011111011111111010011111111
0111110101111111111111110101
1111111011111111110111011011
1011111111111010111100011110
1101111101111111111111011111
0010111111111111111111111101
0111111111111011100111111101
1111111111111110111111101011
1110111111101110111011111111
0111111011111111111110111111
1101111111110111111101111111
1111111111110111110101111101
1110010101111011101101111111
1001011110111111110111010111
1010110011011111101111111111
1111111111010110111111111011
1111111111111011010100111111
1110011111110111111111100101
0111111111111110111001111111
1011111011101111111111111111
0111111111011101111111111111
1011111111011111111111000111
1111100010111110111111011111
1111111011111111111110110111
1111110111111111100111110001
1111111111110101111001111111
0110111111110111110111101110
1111111111111011011110001110
1101111111110111110111111111
1111111110101101111111111111
0111111011110111111101111111
1101011111110111010111011111
1111101011111110010111111010
1111011101111111110111111111
1010111111011111101111110101
1111110111100011111101010111
0111101011101111111111111101
1111011111111011111010111111
1011101110111100011111101111
1011111101110111111001011111
1101101111111111110111111111
0111011011110111111101111110
1011111111111010111111001111
1111110100111111111010111111
1111110101011111011110111001
1111111111111011110111111010
1111111011111101011110111111
0111111011111011111101001111
1110111010110111111110100111
1011111111111111011111111011
1111111111111110111101110011
1111011111110010111111011111
1111011111101111111011101101
1111110111001111111111111111
1110111111111111111001111111
1100111111011101111111101111
1110111110100111110111100111
1011111101011111111110111111
1111111010110111110100110111
1111110100111111101011101110
1111111111111100111111110111
1111111110011111111111110101
1111111011110111111110011011
1111011101111101111001101011
1011111110001011111111111001
1111111011011111011101111000
0111011111111111101101101111
1101111111111110111111111101
1101101111111001100101111111
1001111010011111111111011011
1111111100011111011111000111
1111111111100111111101110111
1110110111110111111001111111
1111111011001110101111110111
1111111011111000111011011101
1111011110101111111101111101
1101100111111011110101111101
1111011111101110111111010111
1111101111110010110111111101
1110111011111111111111110111
1011011111101110111111110011
1110111111001110100111111101
1111110111111110111101111011
1111111110111111111110111101
1111011111111111011011111101
1110010111101111111111101111
1111011110101011011110110111
1101111101111111111110111111
1111011111101111110111111111
1110111110100111011111010111
1111111111101011111110111111
1111111111111111111110010111
1100011110101011011111111111
1111111110111111110111101111
1011111111111110001111111111
1011110110111110011111111011
1111101110101110111101110101
0110111110111110011111011110
1111011100111111101111111111
1111111110111111111101011111
1011011111111011111111001111
1110111110101011110101111110
1011111101111100111111110111
1011101111100110111111111111
1011111101111111111001111011
1101111111111010111111111111
1110111111111111111110111101
1111111011110111101111111111
1101111111111111101100110101
1011011111111111111110111111
1101011111111001111111011111
0101111111111101110101011111
1111111111100111111111011111
1111011111111001000111110111
0111101111111011101111111111
1110010110111100111111101111
1111011101001110111111011011
1011011101111111110111111111
0111111111100111001111111101
1111111111111111111011110101
1110111101111111111111111101
1110111111110010101111101101
1111010111011110111111101111
1111111001111010001111111111
1111111111101110111010101101
1110111111111110011110111111
1011111011111111110111111111
1101111011111111111110111111
1111111111111101111011001110
1111111111111110111111010111
0100111111011110111101111101
1010111111110111001110111110
1101111101101110011010111111
1111111111011110111011111111
1110111111111011111101011111
1111001111111111001111010011
1111101111111111110111001111
1111111111111011111111101010
1111001111111111111111111011
1111101111111111101111101110
1111111100111111111010111111
1011101101111111111011111111
1110111111101110011111111111
1011101011111001111111111101
1111001101111101111111111011
1001111111111000011111111110
1010111111101101111111111011
1011110110111111011111111111
0111111110010111011111111011
1111101111111111101111111010
1111101011111111111101111111
0101111110111011111111111111
1111011111111111111111100101
1111111010111111101111111101
1101110100100111111111111101
1111111011111101111101111111
1011110101101111010111111111
1101101111111110111101110111
1111011111110111110101111111
1101111010011111111101111111
1111100111111111110011111111
1111111111011101110111111011
1111011101101111011011111011
1101111110111111011111111111
1111111111111111110111011011
1111100111011111111111111111
1111110111101110101111111111
0001111111111101011110101111
1101101111111111111001111111
1111110011001111111111101111
1001111011100111111111111101
1110111110110111100111111101
1001011111111111101110110111
1101100111111010111111010111
1111011110111111110110110111
1101011011111101101111111011
1111111001111001111101101111
0111111101011110011011101111
1111011101011111111110111101
1111111101011111001111011001
1111111101011110101011101101
0111110110011111101111111111
1111010101111111111111111111
1111111111010111001111110110
1011111011111110111111111011
1011110101111101111001111011
1111111111111111110110111110
1111111111101011111011111101
1111111111111111010001111111
1111101100111111110111110111
1111111111011111011110011111
0111101111110101010111101111
0111111111111111111111001111
1111111111111110111111111010
0111101111101111001111011111
1111010100111110111011111111
1111101111011111101111101111
1011001111001111101111111101
1011110111111111001110111110
1110111111100001111111110111
0111101111111011111111110111
1110100111111111111101101011
1101111111101101111111111101
0011111111111110111111111011
1111111100110111011111111110
1011011011111011011111111111
1011111111011011101111111111
1111111111011101011110111111
1010011101111111111010101111
1111100111111011010111101111
1101011111111111111100111101
1110111111111101110011101011
1110110111111011111101111111
1111111101001110110111010111
1110110111111101011111111011
1011111111100111011111110111
1111111110100110110101111111
1110111111111111110111101111
0111011111101111111111001110
1111100111011111010111111101
1100111111111011001111101101
1111111111111111001101111111
0111110110110110111101111111
1111101110101110011111111011
1101111111011111011111111111
0010101111111011110111111111
1111111101111011111011111110
0111001110111111111101111100
0011001110111101111111111110
1111111111100011001101111111
1111111111111110111110111110
1111111111011001111111111101
1110110111111111111110111011
1111111111111110111111001111
0111111111110111011111011111
1111111111011111111110100001
1110111111111101111101110111
1011110111111111011111110111
1111101011111111111001101110
1111011101111110111111111111
1111101111101001111010111111
1111111111111110101111110111
0111011111111111111111111101
0111111011111111011110111010
1110101111011110111011101111
1101101110011111111011011101
0111111101010011111111110011
1001111101101111111111111111
1100111111111111011111110101
1011111111111101101111111111
1111011011111111111101101110
1111111011111111111110001111
1111111111101111101011101111
0011111011111101111101010111
1111111111011111011101101110
0111111111100111010111111111
1111011101111111111101101111
1011101111110111110110011101
1111111111111111111100110111
0110110111101111111001111111
1111101011111101110011011111
1111111011111111110011111111
1110110111001111111001111111
1111111111111111011011110110
1111111111011101111111011111
1111111001011111111011011011
0111111011111111111111110111
1010111111111111110001011101
1111010111111111111101110011
1011111111111111010111101011
1111011111110111101011111111
0011011110111111111110110101
1111111111001101111111101111
0100011110111110111111111111
1111110111010101011011111110
1111111111111001110101111111
1011110111111111110111110011
1110111011111101110011101101
1101011101111111010011110111
1111011011001110111111111110
1011110101111101111111110111
1010111011100011111111111111
1111110011011111011101111011
1101111110111111101011111111
1111011111111111110111110101
1111001101110110111111111101
1011100101111111111111111101
0111011111101011111111110111
1110111111011110111111111110
1011111101110111000111111011
0101111000111111011110111111
1111101110110110111111101010
0111111111111111110101110111
1111111110011110110110111111
1111011111101101111111101011
1011111110111111110111011101
1110011111100001111111011111
1110011111111101110111111011
1101111110011111111111111111
1111111011111110111100101111
1001111111011011111111101011
1011111011110111111111111111
1111111110101111111100111011
1111011110110011011111101111
1111101111111111000101111111
1111101101110111101111111111
1011111110101011101111111011
1101011111101111101011111011
1011111111111011011111111111
1011110101111111111110110110
1111101111111111111001011110
1111110111101111111100101111
1101110100101111111111111101
1110111110111111101011101101
1110110111111011110011111110
1101101111111111101010111101
1111011111111111010111111110
1101111110111101111010111111
1111101111110010111111111110
1111011101111110111101111011
0111101111101011110100111111
1011001111111111111101111101
1111001111111111101011111011
1111101111101111011111111111
1011101111011011111100011111
1101110111011101001011111111
1111100110111011111011110110
1011111111110101111111001101
1111011101011111111011111110
1111111111111111111101111100
1101110111111111011111111111
1111111011001111011101011011
1011101101110111101110011111
1110111111001111001111111111
1111111011111010101111110111
1010001111111111111100101111
1111101100101111111011111111
1011111111111001011100110111
0101100001111110111111111111
1101011101111111111111111111
1110011011111001011111111111
1101111111110111111101101111
0111101111111110111110111111
1001111111111011101110110111
0111111111111110111111101111
0011111111111111111111011011
0111011111111111110111111111
1111111110111111111100111110
1111111111101111111111101011
0111101111111111111001111111
1111111111110111011110001010
0111111111010110111111111000
1111001111110111111011101111
1111011111111101111110111111
1111111101110111111111101110
0101111111111111101101111111
1111111111011111111101101101
1111111111111011011111110111
0101111011110110111011111111
0111110011111101010110111111
1111111011111111111011111011
0100111111111111111111011110
0111111110111111111110110111
1111111011111111110111011111
0111111011100111011101111111
1010101111111110001110111111
0000111110111111011111111101
1111111111100111101011011110
1101111111001111110111111111
1111110101111111111011001100
1111111111111101111011101011
1111101111110101111101110111
1111010111111111111101101101
0111111111011110111110011011
0111011111001111111110110111
1101111011110111111101111111
1111100101111111110010101111
1011110101111110111111111010
1111110111111111111110111011
1111111101111011111101111111
1111111011101111011011011111
1111111111011110111110011100
1011101011111111111001111110
1111110111111110111111111110
1111001111111111110011110110
1111101111111110111111011111
1101110111111111111111111110
1111110110111110110111110110
1111110111011111110100110110
1011111111110101111111111111
0111111111111101100101011111
1111111111101111111101011101
1010100110111111111100111111
1111110111111010111110011101
1101011111111111111000111101
1011111111111010101110101101
0011010101111111111111111111
1111110110111110111111110111
1101111101011110100110111111
1111111111111011010111011011
1111111101111111101111110110
1101111001111101111111110111
1110111011111111011011111111
1110111011101011011101011111
0111111101111111011000111111
1111111101111100111111111101
0111101111111101111101101101
1111100111111111111111011011
1111101010011101111111111110
0111101111111111101001111111
1111111101101111111101111111
1111111001101110111111111001
0110111111111100110111110011
1011110110111011110011111111
1111111100111001111100101111
1111111111011111111101111101
1111111110011111110111111111
1111101111111101101111111111
1111011111111111111100111111
0111111100111110111110111101
1111110101111001101100111111
1111111111110101011111111100
1101111111111111101111111101
1101111111100111111101011111
1110110101101111111111011111
1001111111101111100111111111
0111111011111011011110111101
1110111100110101111011011111
0111111110101101011111111111
1110111101101111111111100101
1010111111111101111111111111
1111111111110010011111011011
1011111110111101011111011111
1111111111110111011111011111
1101111111111110111111011111
1111111110111111011110111111
1111011110101111111111111111
1101101111111111111111100111
0111101111011111111111111111
1111110100111111111111110101
1011110100111111111111111110
1111101111110101111100111111
1001010101111101111111111101
1111011110101111111110110111
1110111110011011111111010111
1111111011111110001011101111
1101101111101011111111111111
1111111100111110111111110111
1110111111011101101001111101
1101011110110111111101110110
1111010101111111100111011111
1111111111000011110111101111
1011111010011011101111111101
0111110011101011111111111111
1101111111111011111111101011
0111111110010111111101010111
1101110110101101111111011011
1111011011110001111111011101
1111110111111111111111101110
0111101111111011111011111011
1111110111011011111111111100
1110111111111111011010111101
1110111111100111111111111111
1111111010101111011011111011
1111111111111111111110101101
1001110011111101101111111101
1011111101110011111011111011
1011110110101011111111111111
1111110101111110111111111100
1111011111011110111101111111
1111110100101111111111101101
0010111111111111111100111111
1011101011111111111111111111
0111111111011101001111111111
1111001111111101110011111011
1111111101111101111111010111
0110110110111111111111111111
1101110111010110111111111111
1111110111011111111110111001
1110111101011111011110111010
0111111111101111101110100011
1111110110111111111011111111
0111111111011111111111100111
0111111111110110111111111111
1111111101111111110111111011
1010111111111111101111010111
1111110011110111111111111111
1111101111111110111100111010
1111110111111111001011110101
